727
789
790
827
832
863
864
865
866
880
885
886
890
899
913
920
934
936
937
1076
1207
1214
1219
1220
1296
1297
1299
1387
1394
1405
1440
1448
1454
1455
1457
1458
1461
1462
1465
1469
1481
1491
1522
1523
1539
1607
1608
1613
1625
1639
1640
1659
1717
1721
1727
1925
1926
1928
1929
1930
1933
1934
1936
1943
1944
1945
1951
1955
1975
1986
1988
1990
1992
1993
1996
1997
2011
2013
2014
2017
2018
2020
2021
2034
2046
2058
2072
2073
2075
2077
2078
2080
2084
2140
2203
2204
2227
2232
2233
2234
2236
2241
2256
2265
2266
2271
2274
2280
2307
2308
2312
2314
2315
2316
2564
2565
2567
2578
2582
2583
2584
2585
2622
2714
2819
2857
2864
2865
2866
2867
2868
2870
2878
2879
2912
2957
2958
2961
2962
2965
2966
2969
2970
2974
2977
2978
2980
2981
2982
2983
2984
2985
2986
2987
2988
2989
2990
2991
2992
3018
3019
3036
3037
3039
3040
3041
3042
3045
3047
3049
3053
3056
3057
3058
3065
3066
3069
3072
3073
3074
3184
3185
3186
3187
3192
3193
3195
3196
3197
3198
3199
3201
3202
3203
3204
3206
3208
3210
3211
3212
3231
3282
3283
3287
3288
3291
3292
3302
3305
3306
3309
3310
3314
3315
3341
3345
3414
3415
3430
3472
3473
3474
3480
3481
3482
3483
3484
3485
3488
3563
3571
3645
3651
3652
3653
3654
3655
3656
3740
3835
3836
3837
3840
3841
3842
3853
3855
3856
4035
4036
4037
4038
4039
4040
4041
4042
4043
4044
4045
4047
4049
4050
4051
4052
4054
4055
4057
4058
4059
4060
4061
4062
4063
4064
4065
4066
4067
4068
4069
4070
4071
4072
4073
4074
4075
4076
4077
4078
4079
4080
4082
4083
4084
4087
4088
4089
4246
4247
4248
4249
4250
4251
4252
4253
4254
4255
4257
4258
4259
4260
4264
4309
4310
4311
4312
4315
4316
4317
4319
4320
4322
4323
4324
4326
4328
4331
4362
4368
4369
4373
4436
4439
4448
4464
4465
4474
4477
4478
4561
4562
4566
4567
4568
4569
4571
4575
4576
4660
4661
4676
4695
4696
4697
4699
4701
4705
4706
4707
4708
4709
4710
4711
4712
4714
4716
4717
4718
4719
4720
4721
4722
4725
4726
4727
4729
4731
4732
4733
4734
4735
4736
4737
4738
4765
4766
4777
4781
4782
4786
4788
4794
4795
4810
4818
4825
4827
4828
4829
4831
4838
4998
4999
5001
5002
5003
5007
5009
5011
5029
5069
5071
5079
5182
5183
5207
5212
5213
5214
5256
5540
5608
5739
5748
5749
5751
5753
5766
5770
5780
5961
5962
5963
5964
5966
5967
5969
5975
6040
6198
6200
6239
6240
6241
6266
6267
6268
6269
6332
6336
6337
6350
6379
6380
6381
6382
6383
6386
6387
6388
6389
6393
6395
6396
6397
6398
6399
6400
6402
6403
6404
6405
6406
6407
6408
6409
6410
6411
6412
6413
6415
6416
6417
6418
6419
6420
6421
6422
6424
6426
6427
6428
6429
6430
6431
6432
6433
6466
6467
6468
6511
6512
6527
6528
6531
6536
6537
6538
6540
6541
6542
6543
6545
6546
6547
6548
6550
6551
6552
6553
6557
6559
6560
6561
6562
6563
6564
6565
6567
6568
6569
6570
6571
6572
6573
6574
6575
6576
6577
6578
6580
6582
6583
6584
6585
6586
6587
6589
6590
6592
6594
6595
6596
6597
6598
6599
6600
6601
6602
6603
6604
6605
6607
6608
6609
6610
6611
6612
6614
6615
6616
6617
7027
7046
7047
7048
7049
7050
7051
7052
7053
7055
7057
7058
7060
7062
7065
7108
7110
7111
7112
7113
7280
7282
7284
7285
7330
7331
7332
7348
7349
7353
7354
7355
7356
7357
7358
7366
7367
7368
7369
7370
7373
7375
7378
7387
7391
7406
7407
7408
7409
7410
7411
7412
7413
7414
7415
7416
7417
7418
7419
7420
7421
7422
7423
7424
7429
7430
7431
7432
7433
7434
7435
7436
7437
7438
7439
7440
7441
7443
7444
7445
7446
7447
7448
7454
7456
7457
7458
7459
7460
7461
7462
7463
7465
7468
7469
7470
7471
7472
7473
7474
7475
7476
7477
7478
7479
7480
7481
7482
7483
7484
7485
7486
7487
7488
7489
7490
7491
7492
7493
7494
7496
7517
7518
7520
7521
7522
7523
7524
7526
7527
7528
7529
7530
7531
7532
7535
7538
7539
7540
7541
7542
7543
7544
7545
7546
7553
7554
7555
7556
7557
7558
7608
7609
7610
7728
7729
7730
7734
7752
7753
7754
7757
7760
7786
7919
7920
7922
7936
7937
7941
7943
7944
7945
7946
8006
8106
8107
8108
8109
8110
8111
8112
8113
8114
8115
8116
8117
8118
8119
8120
8121
8122
8123
8124
8125
8126
8127
8129
8130
8132
8133
8135
8140
8141
8142
8143
8156
8157
8158
8159
8160
8161
8162
8163
8175
8176
8178
8180
8183
8184
8185
8187
8188
8191
8193
8194
8195
8196
8197
8199
8200
8201
8202
8205
8212
8213
8215
8216
8224
8225
8245
8248
8249
8250
8251
8253
8254
8255
8256
8257
8258
8259
8260
8261
8262
8263
8264
8265
8266
8267
8268
8269
8270
8272
8273
8276
8277
8279
8280
8281
8282
8284
8285
8286
8287
8288
8289
8291
8292
8294
8295
8297
8298
8299
8301
8302
8304
8305
8306
8308
8311
8314
8316
8317
8318
8319
9287
9289
9290
9292
9382
9385
9391
9395
9435
9482
9718
9747
9748
9749
9753
9756
9757
9763
9764
9765
9766
9767
9768
9770
9771
9775
9776
9777
9778
9779
9780
9781
9782
9783
9784
9785
9786
9787
9788
9789
9790
9791
9792
9793
9794
9798
9800
9801
9802
9805
9806
9808
9809
9810
9811
9812
9813
9814
9815
9816
9817
9818
9819
9820
9821
9822
9823
9825
9826
9827
9828
9829
9830
9831
9832
9833
9835
9836
9837
9838
9839
9840
9841
9842
9843
9844
9845
9846
9847
9848
9849
9850
9851
9852
9853
9854
9855
9856
9857
9858
9859
9860
9861
9862
9863
9864
9865
9866
9868
9869
9870
9871
9872
9873
9874
9875
9876
9877
9878
9879
9880
9881
9882
9883
9884
9885
9886
9887
9889
9890
9891
9892
9893
9894
9895
9896
9897
9898
9899
9900
9901
9902
9903
9904
9905
9906
9907
9908
9909
9910
9911
9912
9913
9916
9917
9919
9920
9921
9922
9923
9924
9925
9926
9927
9928
9929
9930
9931
9932
9933
9934
9935
9936
9937
9938
9939
9941
9942
9944
9945
9946
9947
9948
9949
9950
9951
9952
9953
9954
9955
9956
9961
9962
9963
9965
9966
9967
9968
9969
9972
9973
9974
9998
9999
10001
10003
10009
10018
10024
10033
10048
10057
10058
10059
10060
10061
10063
10064
10065
10066
10067
10068
10069
10071
10072
10073
10074
10075
10076
10077
10078
10079
10081
10082
10083
10084
10085
10086
10087
10088
10089
10090
10091
10093
10094
10095
10096
10097
10098
10099
10100
10102
10103
10104
10105
10107
10108
10109
10110
10111
10112
10113
10119
10120
10122
10124
10126
10127
10128
10129
10130
10131
10132
10133
10134
10145
10156
10164
10165
10167
10168
10170
10171
10172
10173
10174
10175
10176
10178
10179
10180
10182
10183
10184
10185
10186
10188
10189
10190
10191
10192
10193
10194
10196
10197
10198
10199
10201
10202
10203
10204
10205
10208
10212
10214
10216
10219
10221
10222
10224
10229
10231
10232
10233
10234
10236
10237
10238
10239
10240
10241
10242
10243
10244
10245
10277
10278
10279
10280
10281
10282
10288
10289
10329
10331
10333
10369
10370
10371
10372
10374
10375
10391
10400
10401
10402
10403
10404
10406
10408
10409
10413
10423
10501
10508
10553
10571
10573
10581
10582
10625
11287
11288
11289
11290
11303
11304
11305
11965
11967
11968
11969
11970
11971
11972
11973
11974
11975
11976
11977
11978
11981
11982
11983
11984
11985
11986
11987
11988
11989
11990
11991
11993
11994
11995
11996
11997
11998
11999
12001
12002
12006
12007
12008
12009
12010
12012
12013
12014
12019
12020
12022
12023
12024
12026
12028
12029
12030
12031
12032
12034
12035
12039
12040
12042
12043
12044
12045
12047
12052
12053
12054
12055
12056
12057
12248
12250
12424
12425
12426
12528
12531
12550
12764
12974
12975
12979
12983
12985
12988
12989
12992
12996
12999
13007
13010
13014
13016
13017
13021
13025
13027
13028
13030
13031
13039
13040
13044
13048
13053
13054
13055
13063
13068
13093
13094
13099
13103
13112
13126
13137
13139
13146
13856
13863
13866
14090
14091
14094
14096
14097
14100
14103
14108
14109
14117
14119
14120
14121
14122
14123
14124
14125
14127
14129
14131
14133
14159
14160
14161
14162
14164
14165
14166
14167
14168
14171
14172
14174
14175
14178
14179
14180
14181
14182
14183
14184
14186
14187
14189
14190
14191
14192
14193
14194
14195
14196
14197
14198
14199
14200
14201
14202
14203
14204
14205
14206
14207
14208
14209
14210
14211
14212
14213
14214
14215
14216
14217
14218
14219
14220
14221
14222
14223
14224
14225
14226
14228
14229
14230
14231
14233
14234
14235
14236
14237
14238
14239
14240
14241
14242
14243
14244
14245
14246
14247
14248
14249
14250
14251
14252
14253
14254
14255
14258
14259
14260
14261
14263
14264
14265
14267
14268
14269
14270
14271
14272
14274
14275
14276
14277
14278
14279
14280
14281
14282
14283
14284
14285
14286
14287
14288
14289
14290
14291
14292
14293
14294
14295
14297
14298
14299
14300
14301
14304
14305
14309
14311
14313
14314
14315
14316
14320
14321
14323
14327
14364
14365
14366
14367
14369
14370
14371
14372
14373
14374
14376
14379
14397
14399
14400
14401
14402
14403
14404
14405
14406
14408
14409
14410
14411
14413
14414
14415
14416
14417
14418
14419
14420
14421
14422
14423
14424
14425
14426
14427
14429
14430
14431
14432
14433
14434
14435
14436
14437
14438
14439
14440
14441
14442
14443
14444
14445
14446
14448
14452
14453
14454
14455
14459
14559
14560
14563
14564
14566
14567
14568
14569
14570
14571
14572
14574
14578
14579
14582
14583
14584
14585
14587
14589
14590
14591
14592
14594
14596
14598
14599
14600
14602
14603
14604
14605
14606
14607
14608
14652
14653
14655
14657
14658
14659
14662
14663
14664
14665
14666
14667
14668
14669
14671
14672
14673
14674
14675
14676
14677
14678
14682
14722
14723
14724
14725
14726
14727
14729
14730
14743
14744
14745
14746
14747
14748
14750
14751
14753
14754
14755
14756
14757
14758
14759
14760
14761
14762
14764
14765
14766
14767
14770
14771
14772
14773
14775
14777
14778
14780
14781
14782
14783
14784
14786
14788
14789
14791
14792
14793
14794
14795
14797
14798
14801
14802
14803
14804
14806
14807
14821
14825
14827
14828
14830
14831
14832
14833
14834
14835
14838
14839
14840
14841
14842
14843
14844
14846
14847
14848
14851
14853
14855
14856
14857
14859
14860
14861
14864
14869
14895
14896
14897
14898
14899
14903
14904
14907
14908
14911
14913
14914
14915
14916
14917
14918
14919
14920
14922
14924
14925
14926
14927
14929
14934
14938
14941
14942
14943
14944
14945
14949
14950
14951
14952
14955
14957
14959
14960
14961
14962
14963
14965
14967
14968
14970
14971
14974
14983
15009
15010
15011
15012
15016
15017
15018
15083
15084
15086
15088
15091
15093
15110
15111
15112
15113
15114
15115
15117
15119
15121
15122
15124
15125
15126
15127
15128
15129
15130
15131
15132
15133
15134
15135
15136
15137
15139
15142
15143
15144
15145
15146
15147
15149
15150
15151
15152
15153
15155
15156
15158
15159
15160
15161
15162
15163
15164
15165
15166
15167
15168
15169
15170
15171
15172
15173
15174
15175
15176
15179
15180
15181
15182
15183
15184
15186
15187
15191
15210
15211
15212
15213
15214
15215
15216
15217
15218
15219
15222
15223
15224
15225
15226
15227
15228
15229
15230
15231
15232
15233
15234
15235
15236
15237
15242
15243
15244
15245
15248
15249
15250
15251
15252
15254
15259
15260
15261
15262
15263
15264
15265
15268
15269
15270
15272
15274
15275
15279
15280
15284
15286
15287
15291
15294
15295
15298
15303
15304
15305
15306
15307
15309
15310
15311
15312
15322
15323
15329
15330
15331
15332
15333
15337
15338
15341
15342
15343
15344
15345
15346
15347
15349
15350
15351
15352
15353
15354
15355
15356
15357
15358
15359
15360
15361
15362
15363
15364
15365
15366
15367
15368
15369
15371
15372
15374
15375
15377
15378
15379
15380
15381
15382
15383
15384
15385
15387
15388
15389
15392
15393
15394
15395
15425
15426
15427
15431
15477
15479
15485
15486
15487
15488
15491
15493
15494
15497
15498
15499
15500
15501
15502
15503
15504
15506
15507
15508
15509
15510
15511
15512
15513
15515
15517
15518
15519
15520
15522
15524
15525
15526
15527
15529
15530
15531
15533
15534
15535
15536
15537
15538
15539
15540
15541
15542
15543
15544
15545
15546
15547
15548
15549
15550
15551
15552
15553
15554
15555
15556
15557
15558
15559
15560
15561
15562
15563
15565
15566
15567
15568
15569
15571
15572
15573
15574
15575
15576
15577
15578
15579
15580
15581
15582
15583
15584
15589
15590
15591
15592
15593
15594
15595
15596
15597
15598
15600
15601
15602
15603
15604
15605
15606
15608
15609
15610
15611
15613
15615
15617
15618
15619
15620
15622
15624
15625
15627
15628
15629
15630
15633
15634
15635
15636
15637
15638
15643
15644
15649
15652
15653
15654
15656
15658
15661
15663
15664
15668
15671
15693
15694
15892
15893
15894
15912
15918
15925
15926
15927
15928
15929
15932
15933
15934
15935
15944
15945
15946
15947
15962
15963
15964
15965
15966
15969
15970
15971
15972
15973
15975
15976
15977
15978
15979
15981
15982
15990
16673
16680
16681
16692
16696
16697
16702
16703
16710
16713
16714
16717
16722
16723
16735
16736
18298
18338
18744
18948
20406
20407
20408
20653
20656
33181
33185
41048
41308
41309
41311
41312
41313
41314
41315
41316
41318
41330
41340
41342
41343
41345
41346
41347
41349
42093
42095
42098
42099
42103
42114
42115
42119
46600
51256
51283
51284
51758
51760
51791
55141
55142
55143
55145
55146
55148
55158
55159
55161
55162
55163
55165
55166
55167
55168
55170
55175
55176
55202
55210
55211
55212
55213
55228
55255
55258
55267
55271
55316
55317
55318
55319
55320
55321
55322
55324
55325
55326
55327
55328
55329
55331
55332
55333
55335
55336
55340
55514
56036
56040
56041
56042
56043
56053
56068
56089
56090
56091
58001
58005
58006
58007
58048
58049
58050
58051
58111
58113
58114
58115
58131
58155
58156
58158
58161
58165
58166
58178
58250
58287
60294
61338
61518
61574
61575
61596
61677
65011
65013
65028
80649
80798
80802
80803
80811
80816
80820
80827
80829
80831
80832
80840
81030
83201
83202
83204
83205
83286
83287
83288
83291
83402
83403
83404
83413
