2962
4695
4719
4720
4722
4734
4735
4738
4781
5964
5966
5975
6040
6241
6266
6350
6381
6387
6398
6399
6403
6404
6407
6409
6413
6415
6432
6531
6536
6561
6562
6564
6575
6577
6586
6587
6602
6604
6609
6610
6612
6616
7048
7050
7065
7112
7285
7330
7355
7357
7366
7369
7370
7373
7406
7408
7410
7412
7416
7417
7421
7422
7471
7472
7473
7480
7482
7485
7489
7526
7535
7546
7608
7609
7919
7922
8108
8176
8314
8319
9289
9763
9766
9767
9781
9782
9784
9786
9788
9801
9805
9806
9812
9823
9826
9827
9828
9832
9833
9839
9840
9842
9843
9846
9847
9853
9855
9857
9868
9869
9909
10048
10099
10103
10173
10186
10190
10242
10278
10289
10329
10401
10406
10413
11967
11968
11969
11970
11985
11989
11996
12008
12032
12047
12425
14096
14097
14109
14124
14127
14131
14133
14162
14173
14175
14179
14186
14189
14190
14193
14194
14196
14199
14200
14205
14206
14209
14211
14214
14221
14225
14248
14255
14261
14311
14313
14369
14371
14376
14397
14400
14401
14403
14404
14405
14408
14409
14411
14414
14419
14424
14426
14429
14431
14454
14579
14581
14583
14585
14606
14661
14723
14743
14746
14754
14757
14758
14759
14761
14764
15111
15114
15128
15132
15136
15137
15139
15147
15161
15163
15165
15182
15329
15331
15345
15346
15347
15349
15350
15354
15355
15357
15377
15506
15507
15509
15519
15527
15530
15533
15534
15540
15544
15547
15549
15554
15566
15568
15605
15606
15610
15636
15925
15926
15928
15932
15934
15946
15962
15972
15975
41311
51283
55158
55159
55163
55166
55168
55170
55255
55318
55321
55325
55329
55333
55336
65011
80803
83202
